0.0013698630136986301,0.9990000180245133,9.285534040580905E-4,7.142857142857142E-5,0.0
0.0027397260273972603,0.9989925435485666,8.697039243230512E-4,1.352015067021762E-4,2.551020408163265E-6
0.00410958904109589,0.9989783833458348,8.217483956454097E-4,1.924921534016698E-4,7.376105118120994E-6
0.005479452054794521,0.9989582208367092,7.832282975780753E-4,2.443102780346101E-4,1.4240587678174793E-5
0.00684931506849315,0.9989326332670548,7.528951567418904E-4,2.9152538578651433E-4,2.2946190416823226E-5
0.00821917808219178,0.9989021064457231,7.296808539267631E-4,3.3488673574392645E-4,3.3325964606297646E-5
0.009589041095890411,0.9988670473848221,7.126721426940209E-4,3.7504052000597696E-4,4.5239952477977185E-5
0.010958904109589041,0.9988277951385082,7.010887838470503E-4,4.1254460884676693E-4,5.857146879813701E-5
0.012328767123287671,0.9987846300945038,6.942647841034483E-4,4.4788120717550984E-4,7.322391421739352E-5
0.0136986301369863,0.998737781936774,6.916322995095946E-4,4.8146771865726674E-4,8.911804505929574E-5
0.015068493150684932,0.9986874364670064,6.927078262137802E-4,5.136660718774471E-4,1.0618963490245499E-4
0.01643835616438356,0.9986337414460636,6.97080354563439E-4,5.447907268875587E-4,1.2438747248543926E-4
0.01780821917808219,0.998576811593808,7.044012083310705E-4,5.751155495226682E-4,1.4367164833841274E-4
0.019178082191780823,0.9985167328661309,7.143753302511862E-4,6.048797143140417E-4,1.6401208930407604E-4
0.02054794520547945,0.9984535661112021,7.267538088718163E-4,6.342927740154321E-4,1.8538730591083488E-4
0.021917808219178082,0.9983873501925056,7.413274707684067E-4,6.635390141871595E-4,2.0778332253898428E-4
0.023287671232876714,0.998318104653819,7.579213871067635E-4,6.927811944818355E-4,2.3119276459256186E-4
0.024657534246575342,0.9982458319906348,7.763901649529809E-4,7.221637638569441E-4,2.556140805554511E-4
0.026027397260273973,0.9981705195833692,7.966139121092235E-4,7.518156245654436E-4,2.810508799562041E-4
0.0273972602739726,0.9980921413398455,8.184947800324073E-4,7.818525091565837E-4,3.075113709656446E-4
0.028767123287671233,0.9980106590877897,8.419540029358524E-4,8.123790256066122E-4,3.350078836679088E-4
0.030136986301369864,0.9979260237522893,8.669293627977701E-4,8.434904178794972E-4,3.6355646703351474E-4
0.031506849315068496,0.9978381763481867,8.933730199764833E-4,8.752740825079254E-4,3.93176549328956E-4
0.03287671232876712,0.9977470488131178,9.212496576937468E-4,9.078108760273021E-4,4.238906531612163E-4
0.03424657534246575,0.9976525647032383,9.505348959947318E-4,9.411762431552084E-4,4.5572415761184145E-4
0.03561643835616438,0.9975546397705388,9.812139370981741E-4,9.754411913698263E-4,4.887051009932658E-4
0.036986301369863014,0.9974531824379506,0.001013280409460549,0.0010106731339037233,5.228640186852632E-4
0.038356164383561646,0.9973480941861274,0.0010467353825207332,0.0010469366200486756,5.582338113033837E-4
0.03972602739726028,0.9972392698638025,0.0010815865280752914,0.0010842939689896317,5.948496391326725E-4
0.0410958904109589,0.9971265979319139,0.0011178474076527424,0.001122805821088559,6.327488393448305E-4
0.04246575342465753,0.9970099606502252,0.0011555368681880852,0.0011625316185678082,6.719708630189768E-4
0.043835616438356165,0.9968892342139162,0.0011946785308153795,0.0012035300258514418,7.125572294170824E-4
0.045205479452054796,0.9967642888465378,0.0012353003597553112,0.001245859298371985,7.545514953350547E-4
0.04657534246575343,0.9966349888547998,0.0012774343001271608,0.0012895776074051098,7.979992376680288E-4
0.04794520547945205,0.9965011926498685,0.0013211159751039165,0.0013347433274266535,8.429480476010955E-4
0.049315068493150684,0.9963627527391665,0.0013663844341927872,0.0013814152915699303,8.894475350708418E-4
0.050684931506849315,0.9962195156920878,0.0014132819455930827,0.0014296530199749977,9.375493423441752E-4
0.052054794520547946,0.9960713220825327,0.0014618538265868564,0.0014795169251468976,9.873071657336327E-4
0.05342465753424658,0.9959180064107439,0.0015121483067783992,0.0015310684978610183,0.0010387767846167747
0.0547945205479452,0.9957593970065514,0.001564216419736904,0.0015843704766570206,0.0010920160970547804
0.056164383561643834,0.9955953159158188,0.0016181119192297136,0.0016394870035365454,0.0011470851614149625
0.057534246575342465,0.9954255787716133,0.0016738912167764343,0.0016964837681141425,0.001204046243496148
0.0589041095890411,0.9952499946513865,0.0017316133377196221,0.0017554281421569336,0.0012629638687369008
0.06027397260273973,0.995068365921258,0.001791339893406668,0.0018163893061790537,0.0013239048791562733
0.06164383561643835,0.9948804880683183,0.0018531350674193445,0.001879438369525573,0.001386938494736761
0.06301369863013699,0.994686149521727,0.0019170656140802835,0.0019446484851819389,0.0014521363790107762
0.06438356164383562,0.9944851314632529,0.0019832008677163433,0.0020120949603743307,0.0015195727086564316
0.06575342465753424,0.9942772076278003,0.002051612761373333,0.002081855363879678,0.001589324246946745
0.06712328767123288,0.9940621440943727,0.0021223758538599677,0.0021540096308380104,0.0016614704209294076
0.0684931506849315,0.9938396990678504,0.002195567364155599,0.002228640165751329,0.001736093402242731
0.06986301369863014,0.9936096226518925,0.002271267212349917,0.002305831944259788,0.0018132781914979635
0.07123287671232877,0.9933716566132187,0.002349558066396683,0.0023856726142054406,0.0018931127061793567
0.07260273972602739,0.9931255341374838,0.0024305253940603397,0.002468252596424297,0.0019756878720316555
0.07397260273972603,0.992870979576916,0.002514257519516422,0.0025536651856473214,0.0020610977179204696
0.07534246575342465,0.9926077081898607,0.002600845684136062,0.0026420066518388903,0.002149439474164597
0.07671232876712329,0.9923354258723499,0.002690384111043271,0.0027333763422559415,0.002240813674351101
0.07808219178082192,0.992053828881792,0.0027829700730825344,0.0028278767844715524,0.0023353242606540536
0.07945205479452055,0.9917626035528667,0.002878703963874878,0.002925613790572072,0.002433078692686518
0.08082191780821918,0.991461426005697,0.002977689371673969,0.0030266965627064844,0.0025341880599227848
0.0821917808219178,0.9911499618463654,0.003080033155760949,0.0031312378001396857,0.002638767197734198
0.08356164383561644,0.9908278658598373,0.0031858455251383483,0.0032393538079372713,0.0027469348070872693
0.08493150684931507,0.990494781695355,0.0032952401193002074,0.003351164607387761,0.002858813577957261
0.0863013698630137,0.9901503415443695,0.003408334090868068,0.0034667940482484773,0.0029745303165141395
0.08767123287671233,0.989794165811085,0.0035252481898911895,0.0035863699228831877,0.003094216076140788
0.08904109589041095,0.989425862775697,0.003646106849614649,0.003710024082342791,0.0032180062923457264
0.09041095890410959,0.9890450282504202,0.0037710382735212187,0.0038378925544244663,0.003346040921634325
0.09178082191780822,0.9886512452284146,0.0039001745234523186,0.00397011566372957,0.0034784645844036792
0.09315068493150686,0.9882440835257371,0.0040336516086102335,0.004106838153725945,0.003615426711926945
0.09452054794520548,0.987823099416463,0.004171609575238254,0.004248209310805956,0.003757081697493044
0.0958904109589041,0.9873878352611479,0.004314192596767678,0.004394383090317375,0.003903589051767248
0.09726027397260274,0.9869378191288223,0.004461549064210791,0.004545518244529964,0.004055113562437243
0.09863013698630137,0.9864725644127391,0.004613831676567119,0.004701778452486152,0.00421182545820786
0.1,0.9859915694401286,0.004771197530996525,0.004863332451669439,0.00437390057720572
0.10136986301369863,0.9854943170762416,0.0049338082124970985,0.005030354171408925,0.004541520539852597
0.10273972602739725,0.9849802743230059,0.005101829882808391,0.005203022867922541,0.0047148729262633015
0.10410958904109589,0.9844488919126534,0.005275433368241318,0.005381523260885111,0.004894151458220325
0.10547945205479452,0.9838996038967216,0.005454794246115068,0.0055660456713900845,0.0050795561857733575
0.10684931506849316,0.9833318272308789,0.005640092929458567,0.005756786161155642,0.005271293678507029
0.10821917808219178,0.982744961356069,0.005831514749609514,0.005953946672806749,0.00546957722151484
0.1095890410958904,0.9821383877765267,0.006029250036317651,0.00615773517104454,0.005674627016111176
0.11095890410958904,0.9815114696352697,0.006233494194930793,0.006368365784493058,0.00588667038530652
0.11232876712328767,0.9808635512877337,0.0064444477802121725,0.006586058947990766,0.006105941984063443
0.1136986301369863,0.9801939578742813,0.006662316566305858,0.006811041545070326,0.006332684014342622
0.11506849315068493,0.9795019948923831,0.0068873116123333205,0.007043547050344772,0.006567146444938962
0.11643835616438356,0.9787869477693423,0.007119649323068682,0.007283815671491368,0.006809587236097835
0.1178082191780822,0.978048081436511,0.0073595515041027255,0.007532094490496001,0.00706027256889042
0.11917808219178082,0.9772846399060278,0.007607245410866379,0.007788637603790873,0.007319477079315149
0.12054794520547946,0.9764958458511915,0.00786296379084309,0.008053706260886423,0.007587484097079152
0.12191780821917808,0.9756809001916796,0.008126944918256296,0.008327569001064778,0.007864585888999456
0.1232876712328767,0.9748389816849123,0.008399432620473041,0.008610501787666524,0.008151083906948261
0.12465753424657534,0.9739692465249673,0.008680676295317729,0.008902788139465045,0.008447289040250067
0.12602739726027398,0.9730708279505553,0.0089709309184411,0.00920471925858328,0.008753521872420438
0.1273972602739726,0.9721428358636786,0.00927045703983867,0.009516594154366047,0.009070112942116893
0.12876712328767123,0.9711843564607107,0.009579520768560343,0.009838719762577467,0.009397403008151645
0.13013698630136986,0.970194451877761,0.009898393744598569,0.010171411059246991,0.009735743318393573
0.13150684931506848,0.9691721598523112,0.01022735309688651,0.010514991168439477,0.010085495882362936
0.13287671232876713,0.968116493403249,0.010566681386280192,0.010869791463174253,0.010447033747296662
0.13424657534246576,0.9670264405315602,0.010916666532339782,0.011236151658665403,0.010820741277434766
0.13561643835616438,0.9659009639440854,0.011277601722665093,0.011614419897000468,0.011207014436249144
0.136986301369863,0.9647390008028986,0.01164978530347929,0.012004952822317323,0.011606261071304913
0.13835616438356163,0.9635394625030166,0.012033520650092885,0.012408115645479384,0.012018901201411279
0.13972602739726028,0.9623012344813114,0.012429116015817723,0.012824282197187231,0.012445367305683701
0.1410958904109589,0.9610231760596598,0.012836884357837924,0.013253834968400581,0.012886104614101723
0.14246575342465753,0.9597041203255325,0.013257143138482263,0.0136971651368781,0.01334157139910717
0.14383561643835616,0.9583428740534001,0.013690214100280382,0.014154672578574053,0.013812239267745496
0.14520547945205478,0.9569382176705069,0.014136423013124145,0.014626765862560318,0.014298593453808704
0.14657534246575343,0.9554889052707429,0.014596099391795792,0.015113862228069933,0.014801133109391433
0.14794520547945206,0.9539936646805263,0.0150695761820669,0.015616387542184385,0.015320371595222537
0.14931506849315068,0.9524511975807891,0.01555718941351712,0.016134776236611317,0.015856836769082543
0.1506849315068493,0.9508601796893446,0.016059277817169954,0.016669471221922652,0.01641107127156288
0.15205479452054796,0.9492192610080938,0.01657618240599513,0.01722092377754546,0.016983632808365574
0.15342465753424658,0.9475270661397137,0.01710824601628444,0.017789593415719594,0.017575094428282267
0.1547945205479452,0.945782194678643,0.017655812807870774,0.01837594771755755,0.018186044795928745
0.15616438356164383,0.9439832216813604,0.018219227721130056,0.018980462139263674,0.01881708845824597
0.15753424657534246,0.9421286982211143,0.018798835888683276,0.019603619786491982,0.01946884610371047
0.1589041095890411,0.9402171520324257,0.019394981999702538,0.020245911154745472,0.02014195481312633
0.16027397260273973,0.9382470882508357,0.020008009614721895,0.020907833833644807,0.02083706830079768
0.16164383561643836,0.9362169902535111,0.020638260428862222,0.021589892172822107,0.02155485714480459
0.16301369863013698,0.9341253206064458,0.021286073481400825,0.022292596907126323,0.022296009005027043
0.1643835616438356,0.9319705221241052,0.021951784309652445,0.023016464738761577,0.023061228827480778
0.16575342465753426,0.9297510190474542,0.022635724045180397,0.023762017873919586,0.023851239033445888
0.16712328767123288,0.9274652183463766,0.023338218450426385,0.02452978351141295,0.024666779691784123
0.1684931506849315,0.9251115111525406,0.024059586893936957,0.025320293280768576,0.02550860867275391
0.16986301369863013,0.9226882743287798,0.0248001412624753,0.02613408262720123,0.02637750178154381
0.17123287671232876,0.9201938721810465,0.025560184808441043,0.0269716901408571,0.02727425286965543
0.1726027397260274,0.9176266583189461,0.026340010931179998,0.027833656827697867,0.028199673922176142
0.17397260273972603,0.9149849776707686,0.027139901890952153,0.028720525319388488,0.02915459511889083
0.17534246575342466,0.9122671686588096,0.027960127454541836,0.029632839019558068,0.03013986486709053
0.17671232876712328,0.9094715655405897,0.02880094347174082,0.030571141183824684,0.03115634980384485
0.1780821917808219,0.9065965009213567,0.029662590382215196,0.03153597393101326,0.032204934765414986
0.17945205479452056,0.9036403084429699,0.030545291652582088,0.03252787718305255,0.033286522721395505
0.18082191780821918,0.900601325653924,0.03144925214387458,0.03354738753111467,0.03440203467108679
0.1821917808219178,0.8974778970648589,0.03237465640996446,0.03459503702566046,0.03555240949951619
0.18356164383561643,0.8942683773934316,0.033321666927944,0.035671351888178035,0.03673860379044644
0.18493150684931506,0.8909711350018715,0.03429042226194176,0.036776851142552636,0.037961591593634145
0.1863013698630137,0.8875845555299193,0.03528103516236422,0.03791204516418478,0.03922236414353176
0.18767123287671234,0.8841070457251379,0.03629359060311622,0.03907743414518332,0.04052192952656265
0.18904109589041096,0.8805370374717953,0.037328143759959034,0.0402735064742021,0.04186131229404354
0.19041095890410958,0.8768729920186369,0.03838471793381621,0.041500737029765915,0.043241553017781036
0.1917808219178082,0.8731134044048902,0.03946330242353297,0.04275958538624444,0.044663707785332456
0.19315068493150686,0.8692568080827845,0.0405638503533356,0.04405049393198522,0.04612884763189471
0.19452054794520549,0.8653017797336988,0.04168627646102044,0.045373885899508574,0.047638057905772156
0.1958904109589041,0.8612469442737969,0.04283045485372643,0.0467301633081017,0.04919243756437493
0.19726027397260273,0.8570909800436493,0.043996216739008435,0.048119704819626685,0.05079309839771557
0.19863013698630136,0.8528326241748889,0.04518334813982664,0.04954286350887927,0.05244116417640507
0.2,0.8484706781253993,0.046391587602996484,0.05099996455040279,0.05413776972120132
0.20136986301369864,0.8440040133728903,0.04762062391159891,0.052491302824275436,0.055884059891235204
0.20273972602739726,0.839431577254992,0.04887009381282559,0.05401714044404906,0.05768118848813325
0.20410958904109588,0.8347523989421815,0.05013957977372144,0.05557770421072357,0.05953031707337338
0.2054794520547945,0.8299655955279753,0.05142860777827927,0.05717318299739269,0.06143261369635254
0.20684931506849316,0.8250703782188648,0.052736645180329,0.05880372506999195,0.06338925153081414
0.20821917808219179,0.8200660586044654,0.0540630986276367,0.060469435350417454,0.06540140741748032
0.2095890410958904,0.8149520549863023,0.05540731207357505,0.06217037262916114,0.06747026031096129
0.21095890410958903,0.8097278987415731,0.056768564893633945,0.06390654673552149,0.06959698962927124
0.21232876712328766,0.8043932406961397,0.05814607012489472,0.06567791567439411,0.07178277350457124
0.2136986301369863,0.7989478574789196,0.05953897284737826,0.06748438273961971,0.07402878693408221
0.21506849315068494,0.793391657827788,0.06094634872688149,0.06932579361486065,0.07633619983046973
0.21643835616438356,0.7877246888150976,0.06236720273952102,0.0712019334739869,0.07870617497139437
0.21780821917808219,0.7819471419589913,0.06380046809869042,0.07311252409396783,0.08113986584835033
0.2191780821917808,0.7760593591848496,0.06524500540549062,0.07505722099428115,0.08363841441537853
0.22054794520547946,0.770061838599512,0.06669960204389366,0.07703561061785379,0.08620294873874033
0.2219178082191781,0.763955240039366,0.06816297184192958,0.07904720756953175,0.08883458054917254
0.2232876712328767,0.7577403903520336,0.06963375502002792,0.08109145192902484,0.0915344026989135
0.22465753424657534,0.7514182883702514,0.07111051844727986,0.08316770665617619,0.09430348652629238
0.22602739726027396,0.7449901095356408,0.07259175622579997,0.08527525510725197,0.09714287913130704
0.2273972602739726,0.7384572101294608,0.07407589062253993,0.08741329868171988,0.10005360056627925
0.22876712328767124,0.7318211310671332,0.07556127336682943,0.08958095461967186,0.10303664094636533
0.23013698630136986,0.7250836012133781,0.07704618733057678,0.09177725397063144,0.10609295748541353
0.23150684931506849,0.7182465401752056,0.0785288486064469,0.09400113975495461,0.10922347146339277
0.2328767123287671,0.711312060530826,0.08000740899743852,0.09625146533936942,0.11242906513236602
0.23424657534246576,0.7042824694537669,0.08147995892910355,0.09852699304838815,0.11571057856874131
0.2356164383561644,0.6971602696931585,0.08294453079318966,0.10082639303335274,0.11906880648029912
0.236986301369863,0.6899481598732706,0.08439910272874603,0.10314824242072333,0.12250449497725999
0.23835616438356164,0.6826490340779839,0.0858416028437213,0.10549102476087947,0.12601833831741524
0.23972602739726026,0.6752659806889352,0.08726991387681574,0.10785312979815959,0.12961097563608945
0.2410958904109589,0.6678022804496208,0.08868187829584379,0.11023285358210698,0.13328298767242847
0.24246575342465754,0.6602614037317424,0.09007530382514406,0.11262839893890945,0.13703489350420409
0.24383561643835616,0.6526470069845361,0.09144796939066786,0.11503787632080834,0.14086714730398756
0.2452054794520548,0.6449629283527123,0.09279763146732115,0.11745930504980533,0.1447801351301611
0.2465753424657534,0.6372131824539231,0.0941220308089649,0.11989061497031038,0.14877417176680144
0.24794520547945206,0.6294019543123349,0.09541889953724171,0.12232964852345099,0.15284949762697214
0.2493150684931507,0.621533592450859,0.09668596856113786,0.12477416325360641,0.15700627573439652
0.25068493150684934,0.6136126011508504,0.09792097529496478,0.1272218347553462,0.1612445887988385
0.25205479452054796,0.605643631894551,0.09912167163830594,0.12967026006635246,0.1655644364007905
0.2534246575342466,0.597631474012171,0.10028583217748341,0.13211696150910102,0.1699657323012444
0.2547945205479452,0.5895810445621974,0.10141126256431339,0.13455939098108988,0.17444830189239915
0.25616438356164384,0.581497377480219,0.10249580802440182,0.13699493469025012,0.17901187980512887
0.25753424657534246,0.5733856120381807,0.10353736194404056,0.13942091832888517,0.18365610768889343
0.2589041095890411,0.5652509806624417,0.10453387448196141,0.141834612676083,0.18838053217951378
0.2602739726027397,0.5570987961652346,0.10548336114984494,0.14423323961506643,0.19318460306985397
0.26164383561643834,0.5489344384500127,0.10638391130361681,0.14661397854842317,0.19806767169794728
0.26301369863013696,0.5407633407566546,0.10723369648624445,0.14897397319062594,0.20302898956647503
0.26438356164383564,0.5325909755174829,0.10803097856201167,0.15131033871375424,0.2080677072067512
0.26575342465753427,0.5244228398994756,0.10877411758213364,0.15362016921890265,0.21318287329948818
0.2671232876712329,0.5162644411118286,0.10946157932210474,0.155900545502448,0.21837343406361875
0.2684931506849315,0.5081212815611107,0.11009194243236434,0.15814854308319193,0.2236382329233331
0.26986301369863014,0.49999884393857486,0.11066390514572691,0.1603612404534369,0.2289760104622614
0.27123287671232876,0.4919025763257141,0.11117629148755015,0.16253572751433432,0.23438540467240151
0.2726027397260274,0.4838378774048418,0.1116280569377931,0.16466911415340174,0.23986495150396345
0.273972602739726,0.47581008186131074,0.11201829349792046,0.1667585389199782,0.24541308572079074
0.27534246575342464,0.4678244460629568,0.11234623412000398,0.16880117775260714,0.2510281420644322
0.27671232876712326,0.4598861341004653,0.11261125646031013,0.17079425271093443,0.2567083567282903
0.27808219178082194,0.4520002042696248,0.1128128859250896,0.17273504066370857,0.2624518691415772
0.27945205479452057,0.4441715960728909,0.11295079798213341,0.17462088188389524,0.2682567240610806
0.2808219178082192,0.4364051178133658,0.11302481971786035,0.1764491885017796,0.2741208739669944
0.2821917808219178,0.42870543484926704,0.11303493062617136,0.17821745276724013,0.2800421817573216
0.28356164383561644,0.42107705857127903,0.1129812626219639,0.1799232550731393,0.28601842373361785
0.28493150684931506,0.41352433615891704,0.11286409927895626,0.18156427169298514,0.29204729286914166
0.2863013698630137,0.4060514411652827,0.11268387429823709,0.18313828218766712,0.2981264023488132
0.2876712328767123,0.3986623649724304,0.11244116922063985,0.18464317643814307,0.30425328936878676
0.28904109589041094,0.3913609091520967,0.11213671040255636,0.18607696126343,0.310425419181917
0.29041095890410956,0.3841506787588639,0.11177136528106311,0.18743776658610561,0.3166401893739675
0.29178082191780824,0.37703507657503754,0.1113461379601567,0.18872385111072532,0.32289493435408056
0.29315068493150687,0.37001729831870916,0.11086216415540744,0.1899336074840676,0.32918693004181593
0.2945205479452055,0.3631003288187517,0.11032070553937438,0.19106556690989568,0.33551339873197833
0.2958904109589041,0.3562869391529462,0.10972314353462337,0.19211840319492407,0.3418715141175065
0.29726027397260274,0.3495796847381506,0.10907097260510246,0.19309093620685755,0.3482584064498895
0.29863013698630136,0.3429809043544801,0.10836579309991831,0.1939821347296791,0.3546711678159226
0.3,0.3364927200789385,0.10760930370619466,0.19479111870575277,0.36110685750911414
0.3013698630136986,0.33011703809789567,0.10680329356966235,0.19551716085872967,0.3675625074737124
0.30273972602739724,0.3238555503622887,0.10594963414292487,0.19615968769564862,0.3740351277991379
0.3041095890410959,0.317709737044491,0.10505027082196691,0.19671827989096283,0.3805217122425793
0.30547945205479454,0.31168086975146625,0.10410721443144191,0.19719267205945204,0.3870192437576398
0.30684931506849317,0.30577001544513244,0.10312253261861204,0.19758275192905544,0.3935247000072001
0.3082191780821918,0.2999780410178164,0.10209834121455277,0.1978885589285425,0.4000350588390883
0.3095890410958904,0.29430561846828107,0.10103679561941581,0.19811028220859275,0.40654730370371034
0.31095890410958904,0.28875323062205205,0.0999400822662143,0.19824825811824862,0.413058428993485
0.31232876712328766,0.28332117733864,0.09881041021480695,0.1983029671618109,0.4195654452847421
0.3136986301369863,0.27800958214772664,0.09765000292456845,0.19827503046404155,0.4260653844636633
0.3150684931506849,0.27281839925642554,0.09646109025070229,0.1981652057740066,0.43255530471886555
0.31643835616438354,0.2677474208703045,0.09524590070534068,0.19797438304001905,0.43903229538433575
0.3178082191780822,0.26279628477192785,0.09400665402054523,0.1977035795899207,0.44549348161760616
0.31917808219178084,0.25796448210219175,0.09274555404613438,0.19735393495236947,0.45193602889930434
0.32054794520547947,0.2532513652916426,0.09146478201097753,0.19692670535587584,0.45835714734150396
0.3219178082191781,0.24865615609123182,0.09016649017206925,0.19642325794306562,0.46475409579363325
0.3232876712328767,0.2441779536545214,0.08885279587138438,0.19584506473804264,0.4711241857360515
0.32465753424657534,0.23981574262616312,0.08752577601626522,0.19519369640480128,0.47746478495277034
0.32602739726027397,0.23556840119447733,0.08618746199495168,0.19447081583440723,0.4837733209761637
0.3273972602739726,0.23143470906911032,0.08483983503487487,0.19367817159814676,0.490047284297868
0.3287671232876712,0.22741335534800133,0.0834848220075296,0.1928175913030596,0.4962842313414094
0.33013698630136984,0.2235029462412026,0.08212429168015198,0.19189097488524187,0.5024817871934035
0.3315068493150685,0.21970201262242398,0.0807600514110792,0.1909002878750578,0.508637648091439
0.33287671232876714,0.21600901738248351,0.07939384428258077,0.1898475546669549,0.5147495836679807
0.33424657534246577,0.2124223625621022,0.07802734666213634,0.1887348518249667,0.5208154389507946
0.3356164383561644,0.20894039624465582,0.07666216618060649,0.18756430145323066,0.5268331361215068
0.336986301369863,0.20556141919256474,0.07529984011350313,0.18633806465897673,0.5328006760349552
0.33835616438356164,0.20228369121394074,0.07394183414961727,0.1850583351334745,0.5387161395029673
0.33972602739726027,0.19910543724890203,0.07258954152959998,0.18372733287439313,0.5445776883471046
0.3410958904109589,0.19602485316759727,0.0712442825357119,0.18234729807094568,0.5503835662257449
0.3424657534246575,0.19304011127443924,0.06990730431284749,0.18092048517108508,0.556132099241628
0.34383561643835614,0.19014936551532716,0.0685797810000908,0.17944915714790877,0.5618216963366731
0.3452054794520548,0.18735075638673218,0.06726281415145584,0.17793557998033485,0.567450849481477
0.34657534246575344,0.18464241554742955,0.06595743342409091,0.17638201736104933,0.57301813366743
0.34794520547945207,0.18202247013538486,0.06466459751206513,0.17479072564270812,0.5785222067098418
0.3493150684931507,0.17948904679384192,0.06338519530388982,0.17316394903142174,0.5839618088708464
0.3506849315068493,0.17704027541202252,0.06212004724213805,0.17150391503466839,0.5893357623111709
0.35205479452054794,0.1746742925870374,0.060869906863894346,0.16981283016897886,0.5946429703800893
0.35342465753424657,0.1723892448146318,0.05963546250127477,0.16809287593102826,0.5998824167530651
0.3547945205479452,0.1701832914172563,0.0584173391218866,0.16634620503415545,0.6050531644267015
0.3561643835616438,0.16805460721867216,0.057216100289829305,0.16457493791082184,0.6101543545806766
0.35753424657534244,0.16600138497488093,0.05603225022865735,0.1627811594801168,0.6151852053163448
0.3589041095890411,0.16402183757161967,0.054866235968613716,0.16096691617812217,0.6201450102816443
0.36027397260273974,0.16211419999899723,0.053718449561386813,0.15913421324776256,0.6250331371918532
0.36164383561643837,0.1602767311140716,0.0525892303466273,0.1572850122836923,0.6298490262556086
0.363013698630137,0.15850771520229662,0.05147886725547282,0.15542122902680344,0.6345921885154269
0.3643835616438356,0.15680546334880524,0.05038760113735586,0.1535447314020786,0.63926220411176
0.36575342465753424,0.1551683146304575,0.049315627097401525,0.15165733779275634,0.6438587204793844
0.36712328767123287,0.15359463713947333,0.04826309683274921,0.14976081554312157,0.6483814504846557
0.3684931506849315,0.15208282884930185,0.047230120957145544,0.14785687968167488,0.6528301705118775
0.3698630136986301,0.1506313183331576,0.046216771304148946,0.14594719185596836,0.6572047185067249
0.37123287671232874,0.14923856534538976,0.04522308320025189,0.14403335947001672,0.6615049919843414
0.3726027397260274,0.1479030612755485,0.04424905770016026,0.14211693501489664,0.6657309460093944
0.37397260273972605,0.14662332948467965,0.043294663777365815,0.14019941558292817,0.6698825911550262
0.37534246575342467,0.1453979255330233,0.04235984046400393,0.13828224255568497,0.6739599914472877
0.3767123287671233,0.14422543730791626,0.041444498934801836,0.1363668014559997,0.6779632623012821
0.3780821917808219,0.14310448506031023,0.04054852453069085,0.13445442195411098,0.6818925684548879
0.37945205479452054,0.14203372135791936,0.039671778718377564,0.1325463780181345,0.6857481219055686
0.38082191780821917,0.1410118309626091,0.03881410098284386,0.1306438881991267,0.6895301798554203
0.3821917808219178,0.14003753063923363,0.03797531065037263,0.12874811604114134,0.6932390426692524
0.3835616438356164,0.1391095689027276,0.03715520864027673,0.12686017060684948,0.6968750518501462
0.38493150684931504,0.13822672570985967,0.03635357914404229,0.12498110710950172,0.7004385880365963
0.3863013698630137,0.1373878121016645,0.03557019123108634,0.12311192764224757,0.7039300690250015
0.38767123287671235,0.13659166980218798,0.03480480038077308,0.1212535819960916,0.7073499478209473
0.38904109589041097,0.1358371707788075,0.034057149940735144,0.11940696855805184,0.7106987107224054
0.3904109589041096,0.13512321676903008,0.03332697251190739,0.11757293528139078,0.7139768754376716
0.3917808219178082,0.1344487387783226,0.03261399126100286,0.1157522807201086,0.7171849892405658
0.39315068493150684,0.1338126965531949,0.031917921161445977,0.11394575512022002,0.720323627165139
0.39452054794520547,0.13321407803343616,0.03123847016402822,0.11215406156067532,0.7233933902418602
0.3958904109589041,0.13265189878710074,0.03057534029876911,0.11037785713713184,0.7263949037769982
0.3972602739726027,0.1321252014315475,0.029928228709652217,0.10861775418213102,0.7293288156766692
0.39863013698630134,0.1316330550435628,0.029296828624064054,0.10687432151558533,0.7321957948167878
0.4,0.13117455456133528,0.02868083025889565,0.1051480857198282,0.7349965294599408
0.40136986301369865,0.1307488201808052,0.02807992166537377,0.10343953243382477,0.7377317257199961
0.40273972602739727,0.13035499674867937,0.027493789514773895,0.10174910766148282,0.7404021060750637
0.4041095890410959,0.1299922531541854,0.026922119827231264,0.10007721908933695,0.7430084079292462
0.4054794520547945,0.12965978172143514,0.026364598645912337,0.09842423740920683,0.7455513822234454
0.40684931506849314,0.12935679760407748,0.02582091265883775,0.09679049764174892,0.7480317920953355
0.40821917808219177,0.12908253818374255,0.025290749770661806,0.09517630045713055,0.7504504115884648
0.4095890410958904,0.1288362624736152,0.024773799626713604,0.09358191348935467,0.7528080244103162
0.410958904109589,0.12861725052832193,0.02426975409159322,0.09200757264105222,0.7551054227390324
0.4123287671232877,0.1284248028611738,0.023778307684593738,0.09045348337583674,0.7573434060783955
0.4136986301369863,0.12825823986967708,0.023299157974188238,0.08891982199558167,0.7595227801605527
0.41506849315068495,0.12811690127010222,0.022832005933780913,0.08740673690023533,0.7616443558958813
0.41643835616438357,0.1280001455417908,0.022376556260874658,0.08591434982803046,0.7637089483693039
0.4178082191780822,0.12790734938177792,0.021932517661754743,0.084442757074176,0.7657173758822912
0.4191780821917808,0.12783790717021465,0.021499603103730516,0.08299203068633672,0.767670459039718
0.42054794520547945,0.12779123044698895,0.021077530036915346,0.08156221963541281,0.7695690198806827
0.42191780821917807,0.12776674739986657,0.020666020587460074,0.08015335096032632,0.7714138810523469
0.4232876712328767,0.12776390236440227,0.02026480172408772,0.07876543088570405,0.7732058650258058
0.4246575342465753,0.12778215533580783,0.019873605399707884,0.07739844591151844,0.7749457933529657
0.426027397260274,0.12782098149290566,0.01949216866981866,0.07605236387390837,0.7766344859633671
0.4273972602739726,0.12787987073424412,0.019120233789332527,0.07472713497655165,0.7782727604998716
0.42876712328767125,0.12795832722640454,0.01875754828939113,0.0734226927921003,0.7798614316921039
0.4301369863013699,0.12805586896448773,0.018403865035662357,0.0721389552333191,0.7814013107665306
0.4315068493150685,0.12817202734473013,0.018058942269542213,0.07087582549368708,0.7828932048920404
0.4328767123287671,0.1283063467491674,0.017722543633613964,0.06963319295733217,0.7843379166598863
0.43424657534246575,0.12845838414223332,0.017394438182647975,0.06841093407827036,0.7857362435968481
0.43561643835616437,0.1286277086791566,0.017074400381358122,0.06720891322901322,0.7870889777104718
0.436986301369863,0.12881390132599568,0.016762210090064584,0.06602698351869253,0.788396905065247
0.4383561643835616,0.12901655449113245,0.01645765253934849,0.0648649875809273,0.7896608053885915
0.4397260273972603,0.12923527166802848,0.016160518294721458,0.06372275833172811,0.7908814517055217
0.4410958904109589,0.12946966708903446,0.015870603212272544,0.06260011969779615,0.7920596100008966
0.44246575342465755,0.1297193653900303,0.01558770838619671,0.06149688731563044,0.7931960389081424
0.4438356164383562,0.12998400128566445,0.015311640089052607,0.0604128692019063,0.7942914894233765
0.4452054794520548,0.13026321925495318,0.015042209705543303,0.059347866395632394,0.7953467046438709
0.4465753424657534,0.1305566732369933,0.014779233660561714,0.05830167357263204,0.7963624195298128
0.44794520547945205,0.13086402633653857,0.014522533342192648,0.05727407963292807,0.7973393606883405
0.44931506849315067,0.13118495053918572,0.014271935020315974,0.05626486826163927,0.7982782461788589
0.4506849315068493,0.13151912643591404,0.01402726976140995,0.055273818464020553,0.7991797853386553
0.4520547945205479,0.1318662429567222,0.01378837334011068,0.05430070507529952,0.8000446786278674
0.4534246575342466,0.13222599711310506,0.013555086148042576,0.05334529924597812,0.8008736174928741
0.4547945205479452,0.13259809374911496,0.013327253100395727,0.0524073689032813,0.8016672842472079
0.45616438356164385,0.13298224530075312,0.013104723540689275,0.05148667918944399,0.8024263519691135
0.4575342465753425,0.13337817156343906,0.01288735114412486,0.050582992877534434,0.8031514844149015
0.4589041095890411,0.1337855994673097,0.012674993819901325,0.04969607076551589,0.8038433359472729
0.4602739726027397,0.13420426286010198,0.012467513612830744,0.04882567204925005,0.804502551477817
0.46164383561643835,0.13463390229737784,0.01226477660456653,0.047971554675144794,0.8051297664229107
0.46301369863013697,0.1350742648398542,0.01206665281472689,0.04713347567314585,0.8057256066722729
0.4643835616438356,0.13552510385760513,0.011873016102171013,0.046311191470767336,0.8062906885694564
0.4657534246575342,0.1359861788409083,0.011683744066661159,0.04550445818884949,0.806825618903581
0.4671232876712329,0.13645725521751326,0.011498717951121125,0.044713031919724235,0.8073309949116413
0.4684931506849315,0.13693810417611366,0.011317822544680348,0.04393666898845965,0.8078074042907463
0.46986301369863015,0.1374285024958116,0.011140946086673112,0.04317512619784419,0.8082554252196711
0.4712328767123288,0.13792823238136723,0.010967980171743908,0.0424281610577598,0.808675626389129
0.4726027397260274,0.13843708130403282,0.010798819656192766,0.041695531999580905,0.8090685670401935
0.473972602739726,0.1389548418477757,0.010633362565678504,0.04097699857622269,0.8094347970103231
0.47534246575342465,0.13948131156070032,0.010471510004382978,0.04027232164844866,0.809774856786468
0.4767123287671233,0.1400162928114851,0.010313166065725764,0.039581263558032716,0.8100892775647563
0.4780821917808219,0.14055959265065573,0.010158237744705999,0.03890358828835616,0.810378581316282
0.4794520547945205,0.14111102267652176,0.010006634851936452,0.038239061613005006,0.8106432808585368
0.4808219178082192,0.14167039890560876,0.009858269929424093,0.03758745123291706,0.81088387993205
0.4821917808219178,0.14223754164742425,0.009713058168141562,0.03694852690261279,0.8111008732818213
0.48356164383561645,0.14281227538340047,0.00957091732742483,0.03632206054602789,0.8112947467431467
0.4849315068493151,0.1433944286498624,0.009431767656224034,0.0357078263624496,0.8114659773314639
0.4863013698630137,0.14398383392487485,0.009295531816226879,0.03510560092304272,0.8116150333358555
0.4876712328767123,0.14458032751882718,0.009162134806867065,0.034515163258435316,0.8117423744158704
0.48904109589041095,0.14518374946861934,0.009031503892223916,0.03393629493781833,0.8118484517013383
0.4904109589041096,0.1457939434353176,0.008903568529813676,0.0333687801399972,0.8119337078948714
0.4917808219178082,0.14641075660515324,0.008778260301267788,0.03281240571681843,0.8119985773767604
0.4931506849315068,0.14703403959374178,0.00865551284488884,0.03226696124937811,0.8120434863119911
0.4945205479452055,0.14766364635340515,0.008535261790070692,0.03173223909740468,0.8120688527591193
0.4958904109589041,0.14829943408348295,0.008417444693565581,0.031208034442192698,0.8120750867807587
0.49726027397260275,0.1489412631435238,0.008302000977577708,0.030694145323450297,0.812062590555448
0.4986301369863014,0.14958899696925151,0.00818887186965986,0.03019037267040798,0.8120317584906804
0.5,0.1502425019912047,0.008078000344387097,0.029696520327522805,0.8119829773368852
0.5013698630136987,0.15090164755595226,0.007969331066779235,0.0292123950750979,0.8119166263021704
0.5027397260273972,0.1515663058497914,0.007862810337441956,0.028737806645123962,0.8118330771676425
0.5041095890410959,0.15223635182483738,0.007758386039394709,0.028272567732636204,0.8117326944031316
0.5054794520547945,0.15291166312741888,0.007656007586552124,0.027816494002867474,0.8116158352831614
0.5068493150684932,0.15359212002869496,0.007555625873824536,0.027369404094465897,0.8114828500030145
0.5082191780821917,0.15427760535741383,0.0074571932288022185,0.026931119619033283,0.8113340817947505
0.5095890410958904,0.15496800443473627,0.007360663364987187,0.0265014651572289,0.8111698670430475
0.510958904109589,0.1556632050110493,0.0072659913365358385,0.02608026825167189,0.8109905354007428
0.5123287671232877,0.15636309720469926,0.007173133494475279,0.025667359396864632,0.8107964099039607
0.5136986301369864,0.15706757344257552,0.007082047444355915,0.025262572026348754,0.8105878070867197
0.5150684931506849,0.15777652840247916,0.006992692005302758,0.024865742497295278,0.8103650370949227
0.5164383561643836,0.15848985895721332,0.006905027170427861,0.02447671007272048,0.8101284037996382
0.5178082191780822,0.15920746412033454,0.006819014068566412,0.02409531690150956,0.8098782049095894
0.5191780821917809,0.15992924499350655,0.006734614927299194,0.023721407996420942,0.8096147320827732
0.5205479452054794,0.16065510471540057,0.006651793037224401,0.023354831210235304,0.8093382710371396
0.5219178082191781,0.16138494841208795,0.006570512717442162,0.02299543721020484,0.8090491016602649
0.5232876712328767,0.1621186831488737,0.006490739282215536,0.02264307945095011,0.8087474981179604
0.5246575342465754,0.1628562178835207,0.006412439008772255,0.022297614145943993,0.8084337289617628
0.5260273972602739,0.16359746342081696,0.006335579106211991,0.021958900237714716,0.8081080572352561
0.5273972602739726,0.16434233236843993,0.006260127685484553,0.021626799366892678,0.8077707405791826
0.5287671232876713,0.1650907390940736,0.006186053730405018,0.0213011758402189,0.8074220313353022
0.5301369863013699,0.16584259968373594,0.006113327069672457,0.020981896597626247,0.8070621766489651
0.5315068493150685,0.16659783190127578,0.006041918349859627,0.02066883117849826,0.8066914185703661
0.5328767123287671,0.16735635514899985,0.0059717990093416835,0.02036185168720432,0.8063099941544539
0.5342465753424658,0.16811809042939235,0.00590294125313273,0.020060832758004105,0.8059181355594706
0.5356164383561643,0.16888296030789066,0.005835318028599727,0.019765651519408674,0.8055160701441006
0.536986301369863,0.16965088887668217,0.005768903002024071,0.019476187558080324,0.8051040205632132
0.5383561643835616,0.170421801719489,0.005703670535981905,0.019192322882348185,0.8046822048621807
0.5397260273972603,0.17119562587730797,0.005639595667514986,0.018913941885411817,0.804250836569765
0.541095890410959,0.17197228981507473,0.00557665408706471,0.018640931308300388,0.8038101247895599
0.5424657534246575,0.17275172338922273,0.005514822118142662,0.018373180202650708,0.8033602742899837
0.5438356164383562,0.17353385781610747,0.005454076697711827,0.018110579893363173,0.8029014855928173
0.5452054794520548,0.17431862564126896,0.005394395357253351,0.01785302394119077,0.8024339550602867
0.5465753424657535,0.17510596070950538,0.005335756204494508,0.017600408105312472,0.8019578749806874
0.547945205479452,0.1758957981357327,0.0052781379057742625,0.01735263030593884,0.801473433652554
0.5493150684931507,0.17668807427660507,0.0052215196690235605,0.017109590586994215,0.800980815467377
0.5506849315068493,0.17748272670287255,0.0051658812273382,0.016871191078916645,0.8004802009908725
